1.23082856178964e-22
2.64325800295161e-21
4.76597915447946e-20
1.68410777767905e-13
4.67783014697115e-13
6.03999287671617e-11
1.13107288704194e-10
1.96247419661832e-10
5.72646627816331e-10
9.93268704799488e-10
1.92287276424457e-09
5.2588024876324e-09
9.00363516340269e-09
5.39146339743972e-08
9.84841939297899e-08
1.37527644748894e-07
1.43855541284648e-06
1.94327819142908e-06
2.27944845232562e-06
4.96835755210512e-06
7.42570464383614e-06
1.1675768767019e-05
1.37632086466963e-05
1.67825203730534e-05
1.88914861881439e-05
2.21956486883752e-05
3.46036409704188e-05
4.59660996482459e-05
5.50245672354565e-05
5.97689953357928e-05
6.07761300928977e-05
9.17336122509405e-05
9.24275975791291e-05
9.62871036912535e-05
0.000114297877644755
0.000124366253496023
0.00014488319064868
0.000160421364647266
0.000244357044751103
0.000244742270365966
0.000459971515746121
0.000684011833049761
0.000804627920293365
0.000872074209613367
0.000877547273013544
0.00089900523007789
0.000991452281264021
0.00099521215817452
0.00113506463611512
0.00116797464732679
0.00145913818161984
0.00155020719642496
0.00158416482547455
0.00237001998262224
0.00332888983947462
0.00353156460827956
0.00372689965673728
0.00380907778464363
0.00404208262517124
0.00404959790361009
0.00444817599934827
0.00450936821022105
0.0045759206520025
0.0045814519408066
0.00527369942078248
0.0053082229220293
0.00536856531983396
0.00557728747080475
0.00621828203547573
0.0064517294919579
0.00716007861705553
0.00817336446281744
0.00853872992335601
0.00911773189625877
SharpPeak
BroadPeak
Singleton
