3012056
3368816
7591204
10528873
20386867
44019475
44631923
48499475
50612458
53327874
53526846
54259707
57253781
63087861
69614594
71196931
87369780
87820275
88150109
88461695
95281318
96997824
98157673
101024897
101025244
101155362
107683078
116311738
148219438
148219438
175204284
178394460
202282592
203367152
209561450
210262673
214028952
216183412
217054616
217857200
243476286
245688118
10432275
10844895
11035697
16458291
16612585
35949492
47181011
68251143
82192020
96513991
107049610
113552489
114915381
117748091
122154705
125124276
8357103
12329873
14107081
15539714
16112325
16169974
16402174
17765373
22491771
30719753
31246706
35874650
42082250
47021642
79627385
80010819
80075011
86588478
87304438
100576644
111081041
114115258
114144231
114229042
115216014
115284969
116053594
121930498
124746884
125193164
127143567
131813973
132078581
133940996
3137708
3491584
12320015
16552051
17137530
24016380
24229993
42756998
47759145
58132446
60522714
73277921
76949588
79226886
86333021
92363677
94535193
97537474
99121602
130281220
40087262
44045230
52925863
71149620
71638159
71799450
74305761
74966637
76489238
79848244
90485258
93777897
93853941
94947515
94947886
99926058
100473754
104144174
104790449
106349372
110247913
24007062
25629835
28087909
28130476
30134917
31410830
32711134
33019165
33027135
33349939
33792601
38738128
39663921
47674137
48876992
69635943
69852566
79293830
81691924
89749849
92297894
92323009
99035963
33738059
35521692
35757230
35970976
36302271
36434608
36672707
36675411
36884820
36898528
37045663
57259309
57751653
60375362
75453904
78671711
86382461
87500838
90401088
93890071
96409230
97652889
6446983
7980035
17850721
20236591
52523681
52598041
54226449
59144540
61568847
63816445
63981488
65009817
73095357
73482771
78184533
79022426
80121587
82627815
82782675
82792775
85365994
2238369
6160300
9974083
29677682
44138032
51639046
57598228
61260317
65438982
65538512
67427619
68206139
73804041
79951064
908419
3499007
25679596
26335479
27437898
32249928
32771331
33585161
35990497
37669137
37714784
37984610
39039894
40152929
40360625
40850836
40855704
44025346
45291880
45299035
48940188
49566582
61471688
70470684
73549268
74870281
75160945
78248052
28401136
30907321
31421505
7324746
8409550
11391805
21519423
21659130
21757748
31075608
33704966
36389283
44479966
58951920
66926476
80091276
104872562
107986149
113235363
113890263
118309582
118842584
121075207
132589320
133120557
134360689
143575361
143726251
143955736
143997099
146265594
146591892
147198244
156156260
157785403
159149960
164116141
170823007
171573809
172386724
175569173
176078382
176851415
189441478
191918493
202123242
204265029
204370599
205892317
206845735
211534483
214900071
216183097
216636797
220480712
224645783
225496946
229273399
235865019
237315617
675745
728331
8652659
9474913
15223081
15930132
21777070
39541342
40859593
53003720
53142681
53364661
61629530
16071060
16456423
27749212
42318257
46845287
2096041
2269134
2660296
2741596
4733085
5272274
5426279
6020376
7919993
16885059
27910429
28265829
29440629
34312713
52320224
54800441
58824526
63967904
64539803
65883525
67407896
68064344
69579486
69997584
73719646
79087881
81161804
81218494
82002672
85709404
86634420
101850776
107598985
114416683
114418993
120265355
139774703
146953936
160180706
168876432
174676057
182837849
186239307
193788781
14770036
16757157
17069136
23874048
23978057
34718971
38946559
53943633
57200954
57497600
57504909
57607868
79460396
84001755
96755671
100147759
101161403
101191868
104420783
104424503
115607490
118239877
123396505
128553629
129362933
137857726
138725152
140935286
145482002
152197241
153487843
156770986
158164935
166043599
181350707
181660270
181688566
182307667
182752319
182795947
187465260
3427969
11888348
13957033
24623051
27124402
28312493
31415305
38641059
80069507
82222661
88480792
89457963
92880602
94691409
103298299
107478500
116449058
117434558
118565423
119741813
123157556
123178506
124292386
126924602
133364524
139147458
141804289
142625615
146699780
150329929
158326252
158775825
158801992
159208012
167127216
171667678
1626045
9515927
11607387
19720918
19976197
21147853
38391651
47137411
48119134
50463868
51429116
55568914
90151900
90787714
91088050
92762362
94251031
97222466
97850638
98498316
98716331
98977059
99602450
105604228
112209797
119454683
124056689
140462243
140566623
141058754
143960794
148134683
149236627
155441586
162728028
164563947
2166288
7772365
8190451
8379290
11726186
13834863
18495117
18995320
20453395
22007772
22016173
23106901
27634958
31192946
34851545
35869818
36986532
39033283
68358424
69861501
70552629
91126449
93245804
109864762
115286690
122328735
125027131
127535966
128532257
134816489
147878719
148173396
154620290
1700999
3698166
5360203
14499319
14529340
15237919
19756269
20819307
20977343
27895083
28308297
33804874
38380262
50056720
55529102
55893241
57867001
61093741
71727145
75724325
81729015
89617199
92102772
93287412
99874087
115779442
116023278
116344400
469645
2159560
2241880
2621394
2623240
3646860
7689772
8284910
8532063
10917137
13755621
14531527
16626843
18448144
25134363
25376057
26210533
69204764
73241086
78868650
79611045
79668105
79902732
79936175
96049063
106583816
106615975
106859819
113797523
118321742
125922855
22392163
24982030
25382642
31423063
31993793
42241926
100746210
122662470
124464181
125520664
132878656
137429559
138710483
